0 0 0.637255 0.0187427
1 0 0.637255 0.0187427
2 0 0.637255 0.0187427
3 0 0.637255 0.0187427
4 0 0.637255 0.0187427
5 0 0.637255 0.0187427
6 0 0.637255 0.0187427
7 0 0.637255 0.0187427
8 0 0.637255 0.0187427
9 0 0.637255 0.0187427
10 0 0.637255 0.0187427
11 0 0.637255 0.0187427
12 0 0.300292 0.485294
13 0 0.300292 0.485294
14 0 0.300292 0.485294
15 0 0.300292 0.485294
16 0 0.300292 0.485294
17 0 0.300292 0.485294
18 0 0.300292 0.485294
19 0 0.637255 0.0187427
20 0 0.637255 0.0187427
21 0 0.637255 0.0187427
22 0 0.637255 0.0187427
23 0 0.637255 0.0187427
24 0 0.300292 0.485294
25 0 0.637255 0.0187427
26 0 0.637255 0.0187427
27 0 0.637255 0.0187427
28 0 0.637255 0.0187427
29 0 0.637255 0.0187427
30 0 0.637255 0.0187427
31 0 0.300292 0.485294
32 0 0.300292 0.485294
33 0 0.300292 0.485294
34 0 0.300292 0.485294
35 0 0.300292 0.485294
36 0 0.300292 0.485294
37 0 0.300292 0.485294
38 0 0.300292 0.485294
39 0 0.637255 0.0187427
40 0 0.637255 0.0187427
41 0 0.637255 0.0187427
42 0 0.637255 0.0187427
43 0 0.637255 0.0187427
44 0 0.300292 0.485294
45 0 0.637255 0.0187427
46 0 0.637255 0.0187427
47 0 0.637255 0.0187427
48 0 0.637255 0.0187427
49 0 0.637255 0.0187427
50 0 0.637255 0.0187427
51 0 0.300292 0.485294
52 0 0.300292 0.485294
53 0 0.300292 0.485294
54 0 0.300292 0.485294
55 0 0.300292 0.485294
56 0 0.300292 0.485294
57 0 0.300292 0.485294
58 0 0.300292 0.485294
59 0 0.637255 0.0187427
60 0 0.637255 0.0187427
61 0 0.637255 0.0187427
62 0 0.637255 0.0187427
63 0 0.637255 0.0187427
64 0 0.300292 0.485294
65 0 0.637255 0.0187427
66 0 0.637255 0.0187427
67 0 0.637255 0.0187427
68 0 0.637255 0.0187427
69 0 0.300292 0.485294
70 0 0.300292 0.485294
71 0 0.300292 0.485294
72 0 0.300292 0.485294
73 0 0.300292 0.485294
74 0 0.300292 0.485294
75 0 0.300292 0.485294
76 0 0.300292 0.485294
77 0 0.300292 0.485294
78 0 0.300292 0.485294
79 0 0.637255 0.0187427
80 0 0.637255 0.0187427
81 0 0.637255 0.0187427
82 0 0.637255 0.0187427
83 0 0.637255 0.0187427
84 0 0.300292 0.485294
85 0 0.637255 0.0187427
86 0 0.637255 0.0187427
87 0 0.300292 0.485294
88 0 0.300292 0.485294
89 0 0.300292 0.485294
90 0 0.300292 0.485294
91 0 0.300292 0.485294
92 0 0.300292 0.485294
93 0 0.300292 0.485294
94 0 0.300292 0.485294
95 0 0.300292 0.485294
96 0 0.637255 0.0187427
97 0 0.637255 0.0187427
98 0 0.637255 0.0187427
99 0 0.637255 0.0187427
100 0 0.637255 0.0187427
101 0 0.637255 0.0187427
102 0 0.637255 0.0187427
103 0 0.637255 0.0187427
104 0 0.300292 0.485294
105 0 0.637255 0.0187427
106 0 0.637255 0.0187427
107 0 0.300292 0.485294
108 0 0.300292 0.485294
109 0 0.300292 0.485294
110 0 0.300292 0.485294
111 0 0.300292 0.485294
112 0 0.300292 0.485294
113 0 0.300292 0.485294
114 0 0.300292 0.485294
115 0 0.637255 0.0187427
116 0 0.637255 0.0187427
117 0 0.637255 0.0187427
118 0 0.637255 0.0187427
119 0 0.637255 0.0187427
120 0 0.637255 0.0187427
121 0 0.637255 0.0187427
122 0 0.637255 0.0187427
123 0 0.637255 0.0187427
124 0 0.300292 0.485294
125 0 0.300292 0.485294
126 0 0.300292 0.485294
127 0 0.300292 0.485294
128 0 0.300292 0.485294
129 0 0.300292 0.485294
130 0 0.300292 0.485294
131 0 0.300292 0.485294
132 0 0.300292 0.485294
133 0 0.637255 0.0187427
134 0 0.637255 0.0187427
135 0 0.637255 0.0187427
136 0 0.637255 0.0187427
137 0 0.637255 0.0187427
138 0 0.637255 0.0187427
139 0 0.637255 0.0187427
140 0 0.637255 0.0187427
141 0 0.637255 0.0187427
142 0 0.300292 0.485294
143 0 0.300292 0.485294
144 0 0.300292 0.485294
145 0 0.300292 0.485294
146 0 0.300292 0.485294
147 0 0.300292 0.485294
148 0 0.300292 0.485294
149 0 0.300292 0.485294
150 0 0.637255 0.0187427
151 0 0.637255 0.0187427
152 0 0.637255 0.0187427
153 0 0.637255 0.0187427
154 0 0.637255 0.0187427
155 0 0.637255 0.0187427
156 0 0.637255 0.0187427
157 0 0.637255 0.0187427
158 0 0.637255 0.0187427
159 0 0.637255 0.0187427
160 0 0.637255 0.0187427
161 0 0.637255 0.0187427
162 0 0.300292 0.485294
163 0 0.300292 0.485294
164 0 0.300292 0.485294
165 0 0.300292 0.485294
166 0 0.300292 0.485294
167 0 0.637255 0.0187427
168 0 0.637255 0.0187427
169 0 0.637255 0.0187427
170 0 0.637255 0.0187427
171 0 0.637255 0.0187427
172 0 0.637255 0.0187427
173 0 0.637255 0.0187427
174 0 0.637255 0.0187427
175 0 0.637255 0.0187427
176 0 0.637255 0.0187427
177 0 0.637255 0.0187427
178 0 0.637255 0.0187427
179 0 0.637255 0.0187427
180 0 0.300292 0.485294
181 0 0.300292 0.485294
182 0 0.300292 0.485294
183 0 0.300292 0.485294
184 0 0.300292 0.485294
185 0 0.300292 0.485294
186 0 0.637255 0.0187427
187 0 0.637255 0.0187427
188 0 0.637255 0.0187427
189 0 0.637255 0.0187427
190 0 0.637255 0.0187427
191 0 0.637255 0.0187427
192 0 0.637255 0.0187427
193 0 0.637255 0.0187427
194 0 0.637255 0.0187427
195 0 0.637255 0.0187427
196 0 0.637255 0.0187427
197 0 0.637255 0.0187427
198 0 0.637255 0.0187427
199 0 0.637255 0.0187427
200 0 0.300292 0.485294
201 0 0.300292 0.485294
202 0 0.300292 0.485294
203 0 0.300292 0.485294
204 0 0.637255 0.0187427
205 0 0.637255 0.0187427
206 0 0.637255 0.0187427
207 0 0.637255 0.0187427
208 0 0.637255 0.0187427
209 0 0.637255 0.0187427
210 0 0.637255 0.0187427
211 0 0.637255 0.0187427
212 0 0.637255 0.0187427
213 0 0.637255 0.0187427
214 0 0.637255 0.0187427
215 0 0.637255 0.0187427
216 0 0.637255 0.0187427
217 0 0.637255 0.0187427
218 0 0.637255 0.0187427
219 0 0.637255 0.0187427
220 0 0.300292 0.485294
221 0 0.300292 0.485294
222 0 0.300292 0.485294
223 0 0.637255 0.0187427
224 0 0.637255 0.0187427
225 0 0.637255 0.0187427
226 0 0.637255 0.0187427
227 0 0.637255 0.0187427
228 0 0.637255 0.0187427
229 0 0.637255 0.0187427
230 0 0.637255 0.0187427
231 0 0.637255 0.0187427
232 0 0.637255 0.0187427
233 0 0.637255 0.0187427
234 0 0.637255 0.0187427
235 0 0.637255 0.0187427
236 0 0.637255 0.0187427
237 0 0.637255 0.0187427
238 0 0.637255 0.0187427
239 0 0.637255 0.0187427
240 0 0.300292 0.485294
241 0 0.300292 0.485294
242 0 0.300292 0.485294
243 0 0.637255 0.0187427
244 0 0.637255 0.0187427
245 0 0.637255 0.0187427
246 0 0.637255 0.0187427
247 0 0.637255 0.0187427
248 0 0.637255 0.0187427
249 0 0.637255 0.0187427
250 0 0.637255 0.0187427
251 0 0.637255 0.0187427
252 0 0.637255 0.0187427
253 0 0.637255 0.0187427
254 0 0.637255 0.0187427
255 0 0.637255 0.0187427
256 0 0.637255 0.0187427
257 0 0.637255 0.0187427
258 0 0.637255 0.0187427
259 0 0.637255 0.0187427
260 0 0.300292 0.485294
261 0 0.637255 0.0187427
262 0 0.637255 0.0187427
263 0 0.637255 0.0187427
264 0 0.637255 0.0187427
265 0 0.637255 0.0187427
266 0 0.637255 0.0187427
267 0 0.637255 0.0187427
268 0 0.637255 0.0187427
269 0 0.637255 0.0187427
270 0 0.637255 0.0187427
271 0 0.637255 0.0187427
272 0 0.637255 0.0187427
273 0 0.637255 0.0187427
274 0 0.637255 0.0187427
275 0 0.637255 0.0187427
276 0 0.637255 0.0187427
277 0 0.637255 0.0187427
278 0 0.637255 0.0187427
279 0 0.637255 0.0187427
280 0 0.637255 0.0187427
281 0 0.637255 0.0187427
282 0 0.637255 0.0187427
283 0 0.637255 0.0187427
284 0 0.637255 0.0187427
285 0 0.637255 0.0187427
286 0 0.637255 0.0187427
287 0 0.637255 0.0187427
288 0 0.637255 0.0187427
289 0 0.637255 0.0187427
290 0 0.637255 0.0187427
291 0 0.637255 0.0187427
292 0 0.637255 0.0187427
293 0 0.637255 0.0187427
294 0 0.637255 0.0187427
295 0 0.637255 0.0187427
296 0 0.637255 0.0187427
297 0 0.637255 0.0187427
298 0 0.637255 0.0187427
299 0 0.637255 0.0187427
300 0 0.637255 0.0187427
301 0 0.637255 0.0187427
302 0 0.637255 0.0187427
303 0 0.637255 0.0187427
304 0 0.637255 0.0187427
305 0 0.637255 0.0187427
306 0 0.637255 0.0187427
307 0 0.637255 0.0187427
308 0 0.637255 0.0187427
309 0 0.637255 0.0187427
310 0 0.637255 0.0187427
311 0 0.637255 0.0187427
312 0 0.637255 0.0187427
313 0 0.637255 0.0187427
314 0 0.637255 0.0187427
315 0 0.637255 0.0187427
316 0 0.637255 0.0187427
317 0 0.637255 0.0187427
318 0 0.637255 0.0187427
319 0 0.637255 0.0187427
320 0 0.637255 0.0187427
321 0 0.637255 0.0187427
322 0 0.637255 0.0187427
323 0 0.637255 0.0187427
324 0 0.637255 0.0187427
325 0 0.637255 0.0187427
326 0 0.637255 0.0187427
327 0 0.637255 0.0187427
328 0 0.637255 0.0187427
329 0 0.637255 0.0187427
330 0 0.637255 0.0187427
331 0 0.637255 0.0187427
332 0 0.637255 0.0187427
333 0 0.637255 0.0187427
334 0 0.637255 0.0187427
335 0 0.637255 0.0187427
336 0 0.637255 0.0187427
337 0 0.637255 0.0187427
338 0 0.637255 0.0187427
339 0 0.637255 0.0187427
340 0 0.637255 0.0187427
341 0 0.637255 0.0187427
342 0 0.637255 0.0187427
343 0 0.637255 0.0187427
344 0 0.637255 0.0187427
345 0 0.637255 0.0187427
346 0 0.637255 0.0187427
347 0 0.637255 0.0187427
348 0 0.637255 0.0187427
349 0 0.637255 0.0187427
350 0 0.637255 0.0187427
351 0 0.637255 0.0187427
352 0 0.637255 0.0187427
353 0 0.637255 0.0187427
354 0 0.637255 0.0187427
355 0 0.637255 0.0187427
356 0 0.637255 0.0187427
357 0 0.637255 0.0187427
358 0 0.637255 0.0187427
359 0 0.637255 0.0187427
360 0 0.637255 0.0187427
361 0 0.637255 0.0187427
362 0 0.637255 0.0187427
363 0 0.637255 0.0187427
364 0 0.637255 0.0187427
365 0 0.637255 0.0187427
366 0 0.637255 0.0187427
367 0 0.637255 0.0187427
368 0 0.637255 0.0187427
369 0 0.637255 0.0187427
370 0 0.637255 0.0187427
371 0 0.637255 0.0187427
372 0 0.637255 0.0187427
373 0 0.637255 0.0187427
374 0 0.637255 0.0187427
375 0 0.637255 0.0187427
376 0 0.637255 0.0187427
377 0 0.637255 0.0187427
378 0 0.637255 0.0187427
379 0 0.637255 0.0187427
380 0 0.637255 0.0187427
381 0 0.637255 0.0187427
382 0 0.637255 0.0187427
383 0 0.637255 0.0187427
384 0 0.637255 0.0187427
385 0 0.637255 0.0187427
386 0 0.637255 0.0187427
387 0 0.637255 0.0187427
388 0 0.637255 0.0187427
389 0 0.637255 0.0187427
390 0 0.637255 0.0187427
391 0 0.637255 0.0187427
392 0 0.637255 0.0187427
393 0 0.637255 0.0187427
394 0 0.637255 0.0187427
395 0 0.637255 0.0187427
396 0 0.637255 0.0187427
397 0 0.637255 0.0187427
398 0 0.637255 0.0187427
399 0 0.637255 0.0187427
400 0 0.637255 0.0187427
401 0 0.637255 0.0187427
402 0 0.637255 0.0187427
403 0 0.637255 0.0187427
404 0 0.637255 0.0187427
405 0 0.637255 0.0187427
406 0 0.637255 0.0187427
407 0 0.637255 0.0187427
408 0 0.637255 0.0187427
409 0 0.637255 0.0187427
410 0 0.637255 0.0187427
411 0 0.637255 0.0187427
412 0 0.300292 0.485294
413 0 0.300292 0.485294
414 0 0.300292 0.485294
415 0 0.300292 0.485294
416 0 0.300292 0.485294
417 0 0.300292 0.485294
418 0 0.300292 0.485294
419 0 0.637255 0.0187427
420 0 0.637255 0.0187427
421 0 0.637255 0.0187427
422 0 0.637255 0.0187427
423 0 0.637255 0.0187427
424 0 0.300292 0.485294
425 0 0.637255 0.0187427
426 0 0.637255 0.0187427
427 0 0.637255 0.0187427
428 0 0.637255 0.0187427
429 0 0.637255 0.0187427
430 0 0.637255 0.0187427
431 0 0.300292 0.485294
432 0 0.300292 0.485294
433 0 0.300292 0.485294
434 0 0.300292 0.485294
435 0 0.300292 0.485294
436 0 0.300292 0.485294
437 0 0.300292 0.485294
438 0 0.300292 0.485294
439 0 0.637255 0.0187427
440 0 0.637255 0.0187427
441 0 0.637255 0.0187427
442 0 0.637255 0.0187427
443 0 0.637255 0.0187427
444 0 0.300292 0.485294
445 0 0.637255 0.0187427
446 0 0.637255 0.0187427
447 0 0.637255 0.0187427
448 0 0.637255 0.0187427
449 0 0.637255 0.0187427
450 0 0.637255 0.0187427
451 0 0.300292 0.485294
452 0 0.300292 0.485294
453 0 0.300292 0.485294
454 0 0.300292 0.485294
455 0 0.300292 0.485294
456 0 0.300292 0.485294
457 0 0.300292 0.485294
458 0 0.300292 0.485294
459 0 0.637255 0.0187427
460 0 0.637255 0.0187427
461 0 0.637255 0.0187427
462 0 0.637255 0.0187427
463 0 0.637255 0.0187427
464 0 0.300292 0.485294
465 0 0.637255 0.0187427
466 0 0.637255 0.0187427
467 0 0.637255 0.0187427
468 0 0.637255 0.0187427
469 0 0.300292 0.485294
470 0 0.300292 0.485294
471 0 0.300292 0.485294
472 0 0.300292 0.485294
473 0 0.300292 0.485294
474 0 0.300292 0.485294
475 0 0.300292 0.485294
476 0 0.300292 0.485294
477 0 0.300292 0.485294
478 0 0.300292 0.485294
479 0 0.637255 0.0187427
480 0 0.637255 0.0187427
481 0 0.637255 0.0187427
482 0 0.637255 0.0187427
483 0 0.637255 0.0187427
484 0 0.300292 0.485294
485 0 0.637255 0.0187427
486 0 0.637255 0.0187427
487 0 0.300292 0.485294
488 0 0.300292 0.485294
489 0 0.300292 0.485294
490 0 0.300292 0.485294
491 0 0.300292 0.485294
492 0 0.300292 0.485294
493 0 0.300292 0.485294
494 0 0.300292 0.485294
495 0 0.300292 0.485294
496 0 0.637255 0.0187427
497 0 0.637255 0.0187427
498 0 0.637255 0.0187427
499 0 0.637255 0.0187427
500 0 0.637255 0.0187427
501 0 0.637255 0.0187427
502 0 0.637255 0.0187427
503 0 0.637255 0.0187427
504 0 0.300292 0.485294
505 0 0.637255 0.0187427
506 0 0.637255 0.0187427
507 0 0.300292 0.485294
508 0 0.300292 0.485294
509 0 0.300292 0.485294
510 0 0.300292 0.485294
511 0 0.300292 0.485294
512 0 0.300292 0.485294
513 0 0.300292 0.485294
514 0 0.300292 0.485294
515 0 0.637255 0.0187427
516 0 0.637255 0.0187427
517 0 0.637255 0.0187427
518 0 0.637255 0.0187427
519 0 0.637255 0.0187427
520 0 0.637255 0.0187427
521 0 0.637255 0.0187427
522 0 0.637255 0.0187427
523 0 0.637255 0.0187427
524 0 0.300292 0.485294
525 0 0.300292 0.485294
526 0 0.300292 0.485294
527 0 0.300292 0.485294
528 0 0.300292 0.485294
529 0 0.300292 0.485294
530 0 0.300292 0.485294
531 0 0.300292 0.485294
532 0 0.300292 0.485294
533 0 0.637255 0.0187427
534 0 0.637255 0.0187427
535 0 0.637255 0.0187427
536 0 0.637255 0.0187427
537 0 0.637255 0.0187427
538 0 0.637255 0.0187427
539 0 0.637255 0.0187427
540 0 0.637255 0.0187427
541 0 0.637255 0.0187427
542 0 0.300292 0.485294
543 0 0.300292 0.485294
544 0 0.300292 0.485294
545 0 0.300292 0.485294
546 0 0.300292 0.485294
547 0 0.300292 0.485294
548 0 0.300292 0.485294
549 0 0.300292 0.485294
550 0 0.637255 0.0187427
551 0 0.637255 0.0187427
552 0 0.637255 0.0187427
553 0 0.637255 0.0187427
554 0 0.637255 0.0187427
555 0 0.637255 0.0187427
556 0 0.637255 0.0187427
557 0 0.637255 0.0187427
558 0 0.637255 0.0187427
559 0 0.637255 0.0187427
560 0 0.637255 0.0187427
561 0 0.637255 0.0187427
562 0 0.300292 0.485294
563 0 0.300292 0.485294
564 0 0.300292 0.485294
565 0 0.300292 0.485294
566 0 0.300292 0.485294
567 0 0.637255 0.0187427
568 0 0.637255 0.0187427
569 0 0.637255 0.0187427
570 0 0.637255 0.0187427
571 0 0.637255 0.0187427
572 0 0.637255 0.0187427
573 0 0.637255 0.0187427
574 0 0.637255 0.0187427
575 0 0.637255 0.0187427
576 0 0.637255 0.0187427
577 0 0.637255 0.0187427
578 0 0.637255 0.0187427
579 0 0.637255 0.0187427
580 0 0.300292 0.485294
581 0 0.300292 0.485294
582 0 0.300292 0.485294
583 0 0.300292 0.485294
584 0 0.300292 0.485294
585 0 0.300292 0.485294
586 0 0.637255 0.0187427
587 0 0.637255 0.0187427
588 0 0.637255 0.0187427
589 0 0.637255 0.0187427
590 0 0.637255 0.0187427
591 0 0.637255 0.0187427
592 0 0.637255 0.0187427
593 0 0.637255 0.0187427
594 0 0.637255 0.0187427
595 0 0.637255 0.0187427
596 0 0.637255 0.0187427
597 0 0.637255 0.0187427
598 0 0.637255 0.0187427
599 0 0.637255 0.0187427
600 0 0.300292 0.485294
601 0 0.300292 0.485294
602 0 0.300292 0.485294
603 0 0.300292 0.485294
604 0 0.637255 0.0187427
605 0 0.637255 0.0187427
606 0 0.637255 0.0187427
607 0 0.637255 0.0187427
608 0 0.637255 0.0187427
609 0 0.637255 0.0187427
610 0 0.637255 0.0187427
611 0 0.637255 0.0187427
612 0 0.637255 0.0187427
613 0 0.637255 0.0187427
614 0 0.637255 0.0187427
615 0 0.637255 0.0187427
616 0 0.637255 0.0187427
617 0 0.637255 0.0187427
618 0 0.637255 0.0187427
619 0 0.637255 0.0187427
620 0 0.300292 0.485294
621 0 0.300292 0.485294
622 0 0.300292 0.485294
623 0 0.637255 0.0187427
624 0 0.637255 0.0187427
625 0 0.637255 0.0187427
626 0 0.637255 0.0187427
627 0 0.637255 0.0187427
628 0 0.637255 0.0187427
629 0 0.637255 0.0187427
630 0 0.637255 0.0187427
631 0 0.637255 0.0187427
632 0 0.637255 0.0187427
633 0 0.637255 0.0187427
634 0 0.637255 0.0187427
635 0 0.637255 0.0187427
636 0 0.637255 0.0187427
637 0 0.637255 0.0187427
638 0 0.637255 0.0187427
639 0 0.637255 0.0187427
640 0 0.300292 0.485294
641 0 0.300292 0.485294
642 0 0.300292 0.485294
643 0 0.637255 0.0187427
644 0 0.637255 0.0187427
645 0 0.637255 0.0187427
646 0 0.637255 0.0187427
647 0 0.637255 0.0187427
648 0 0.637255 0.0187427
649 0 0.637255 0.0187427
650 0 0.637255 0.0187427
651 0 0.637255 0.0187427
652 0 0.637255 0.0187427
653 0 0.637255 0.0187427
654 0 0.637255 0.0187427
655 0 0.637255 0.0187427
656 0 0.637255 0.0187427
657 0 0.637255 0.0187427
658 0 0.637255 0.0187427
659 0 0.637255 0.0187427
660 0 0.300292 0.485294
661 0 0.637255 0.0187427
662 0 0.637255 0.0187427
663 0 0.637255 0.0187427
664 0 0.637255 0.0187427
665 0 0.637255 0.0187427
666 0 0.637255 0.0187427
667 0 0.637255 0.0187427
668 0 0.637255 0.0187427
669 0 0.637255 0.0187427
670 0 0.637255 0.0187427
671 0 0.637255 0.0187427
672 0 0.637255 0.0187427
673 0 0.637255 0.0187427
674 0 0.637255 0.0187427
675 0 0.637255 0.0187427
676 0 0.637255 0.0187427
677 0 0.637255 0.0187427
678 0 0.637255 0.0187427
679 0 0.637255 0.0187427
680 0 0.637255 0.0187427
681 0 0.637255 0.0187427
682 0 0.637255 0.0187427
683 0 0.637255 0.0187427
684 0 0.637255 0.0187427
685 0 0.637255 0.0187427
686 0 0.637255 0.0187427
687 0 0.637255 0.0187427
688 0 0.637255 0.0187427
689 0 0.637255 0.0187427
690 0 0.637255 0.0187427
691 0 0.637255 0.0187427
692 0 0.637255 0.0187427
693 0 0.637255 0.0187427
694 0 0.637255 0.0187427
695 0 0.637255 0.0187427
696 0 0.637255 0.0187427
697 0 0.637255 0.0187427
698 0 0.637255 0.0187427
699 0 0.637255 0.0187427
700 0 0.637255 0.0187427
701 0 0.637255 0.0187427
702 0 0.637255 0.0187427
703 0 0.637255 0.0187427
704 0 0.637255 0.0187427
705 0 0.637255 0.0187427
706 0 0.637255 0.0187427
707 0 0.637255 0.0187427
708 0 0.637255 0.0187427
709 0 0.637255 0.0187427
710 0 0.637255 0.0187427
711 0 0.637255 0.0187427
712 0 0.637255 0.0187427
713 0 0.637255 0.0187427
714 0 0.637255 0.0187427
715 0 0.637255 0.0187427
716 0 0.637255 0.0187427
717 0 0.637255 0.0187427
718 0 0.637255 0.0187427
719 0 0.637255 0.0187427
720 0 0.637255 0.0187427
721 0 0.637255 0.0187427
722 0 0.637255 0.0187427
723 0 0.637255 0.0187427
724 0 0.637255 0.0187427
725 0 0.637255 0.0187427
726 0 0.637255 0.0187427
727 0 0.637255 0.0187427
728 0 0.637255 0.0187427
729 0 0.637255 0.0187427
730 0 0.637255 0.0187427
731 0 0.637255 0.0187427
732 0 0.637255 0.0187427
733 0 0.637255 0.0187427
734 0 0.637255 0.0187427
735 0 0.637255 0.0187427
736 0 0.637255 0.0187427
737 0 0.637255 0.0187427
738 0 0.637255 0.0187427
739 0 0.637255 0.0187427
740 0 0.637255 0.0187427
741 0 0.637255 0.0187427
742 0 0.637255 0.0187427
743 0 0.637255 0.0187427
744 0 0.637255 0.0187427
745 0 0.637255 0.0187427
746 0 0.637255 0.0187427
747 0 0.637255 0.0187427
748 0 0.637255 0.0187427
749 0 0.637255 0.0187427
750 0 0.637255 0.0187427
751 0 0.637255 0.0187427
752 0 0.637255 0.0187427
753 0 0.637255 0.0187427
754 0 0.637255 0.0187427
755 0 0.637255 0.0187427
756 0 0.637255 0.0187427
757 0 0.637255 0.0187427
758 0 0.637255 0.0187427
759 0 0.637255 0.0187427
760 0 0.637255 0.0187427
761 0 0.637255 0.0187427
762 0 0.637255 0.0187427
763 0 0.637255 0.0187427
764 0 0.637255 0.0187427
765 0 0.637255 0.0187427
766 0 0.637255 0.0187427
767 0 0.637255 0.0187427
768 0 0.637255 0.0187427
769 0 0.637255 0.0187427
770 0 0.637255 0.0187427
771 0 0.637255 0.0187427
772 0 0.637255 0.0187427
773 0 0.637255 0.0187427
774 0 0.637255 0.0187427
775 0 0.637255 0.0187427
776 0 0.637255 0.0187427
777 0 0.637255 0.0187427
778 0 0.637255 0.0187427
779 0 0.637255 0.0187427
780 0 0.637255 0.0187427
781 0 0.637255 0.0187427
782 0 0.637255 0.0187427
783 0 0.637255 0.0187427
784 0 0.637255 0.0187427
785 0 0.637255 0.0187427
786 0 0.637255 0.0187427
787 0 0.637255 0.0187427
788 0 0.637255 0.0187427
789 0 0.637255 0.0187427
790 0 0.637255 0.0187427
791 0 0.637255 0.0187427
792 0 0.637255 0.0187427
793 0 0.637255 0.0187427
794 0 0.637255 0.0187427
795 0 0.637255 0.0187427
796 0 0.637255 0.0187427
797 0 0.637255 0.0187427
798 0 0.637255 0.0187427
799 0 0.637255 0.0187427
800 0 0.637255 0.0187427
801 0 0.637255 0.0187427
802 0 0.637255 0.0187427
803 0 0.637255 0.0187427
804 0 0.637255 0.0187427
805 0 0.637255 0.0187427
820 0 0.637255 0.0187427
821 0 0.637255 0.0187427
822 0 0.637255 0.0187427
823 0 0.637255 0.0187427
824 0 0.637255 0.0187427
840 0 0.637255 0.0187427
841 0 0.637255 0.0187427
842 0 0.637255 0.0187427
843 0 0.637255 0.0187427
844 0 0.637255 0.0187427
860 0 0.637255 0.0187427
861 0 0.637255 0.0187427
862 0 0.637255 0.0187427
863 0 0.637255 0.0187427
864 0 0.637255 0.0187427
880 0 0.637255 0.0187427
881 0 0.637255 0.0187427
882 0 0.637255 0.0187427
883 0 0.637255 0.0187427
884 0 0.637255 0.0187427
900 0 0.637255 0.0187427
901 0 0.637255 0.0187427
902 0 0.637255 0.0187427
903 0 0.637255 0.0187427
904 0 0.637255 0.0187427
920 0 0.637255 0.0187427
921 0 0.637255 0.0187427
922 0 0.637255 0.0187427
923 0 0.637255 0.0187427
924 0 0.637255 0.0187427
934 0 0.637255 0.0187427
935 0 0.637255 0.0187427
940 0 0.637255 0.0187427
941 0 0.637255 0.0187427
942 0 0.637255 0.0187427
943 0 0.637255 0.0187427
951 0 0.637255 0.0187427
952 0 0.637255 0.0187427
953 0 0.637255 0.0187427
954 0 0.637255 0.0187427
955 0 0.637255 0.0187427
960 0 0.637255 0.0187427
961 0 0.637255 0.0187427
962 0 0.637255 0.0187427
969 0 0.637255 0.0187427
970 0 0.637255 0.0187427
971 0 0.637255 0.0187427
972 0 0.637255 0.0187427
973 0 0.637255 0.0187427
974 0 0.637255 0.0187427
975 0 0.637255 0.0187427
980 0 0.637255 0.0187427
989 0 0.637255 0.0187427
990 0 0.637255 0.0187427
991 0 0.637255 0.0187427
992 0 0.637255 0.0187427
993 0 0.637255 0.0187427
994 0 0.637255 0.0187427
1005 0 0.637255 0.0187427
1009 0 0.637255 0.0187427
1010 0 0.637255 0.0187427
1011 0 0.637255 0.0187427
1012 0 0.637255 0.0187427
1013 0 0.637255 0.0187427
1024 0 0.637255 0.0187427
1025 0 0.637255 0.0187427
1030 0 0.637255 0.0187427
1031 0 0.637255 0.0187427
1032 0 0.637255 0.0187427
1044 0 0.637255 0.0187427
1062 0 0.637255 0.0187427
1063 0 0.637255 0.0187427
1133 0.357843 0.188827 0.0385909
1200 0 0.637255 0.0187427
1201 0 0.637255 0.0187427
1202 0 0.637255 0.0187427
1203 0 0.637255 0.0187427
1204 0 0.637255 0.0187427
1220 0 0.637255 0.0187427
1221 0 0.637255 0.0187427
1222 0 0.637255 0.0187427
1223 0 0.637255 0.0187427
1240 0 0.637255 0.0187427
1241 0 0.637255 0.0187427
1242 0 0.637255 0.0187427
1260 0 0.637255 0.0187427
1261 0 0.637255 0.0187427
1280 0 0.637255 0.0187427
1281 0 0.637255 0.0187427
1300 0 0.637255 0.0187427
1351 0 0.637255 0.0187427
1352 0 0.637255 0.0187427
1353 0 0.637255 0.0187427
1370 0 0.637255 0.0187427
1371 0 0.637255 0.0187427
1372 0 0.637255 0.0187427
1373 0 0.637255 0.0187427
1390 0 0.637255 0.0187427
1391 0 0.637255 0.0187427
1392 0 0.637255 0.0187427
1533 0.357843 0.188827 0.0385909
1600 0 0.637255 0.0187427
1601 0 0.637255 0.0187427
1620 0 0.637255 0.0187427
1771 0 0.637255 0.0187427
1933 0.357843 0.188827 0.0385909
2333 0.357843 0.188827 0.0385909
2733 0.357843 0.188827 0.0385909
3132 0.955882 0.562281 0
3133 0.955882 0.562281 0
3134 0.955882 0.562281 0
3492 0.955882 0.562281 0
3511 0.955882 0.562281 0
3512 0.955882 0.562281 0
3513 0.955882 0.562281 0
3514 0.955882 0.562281 0
3531 0.955882 0.562281 0
3532 0.955882 0.562281 0
3533 0.955882 0.562281 0
3534 0.955882 0.562281 0
3535 0.955882 0.562281 0
3552 0.955882 0.562281 0
3553 0.955882 0.562281 0
3554 0.955882 0.562281 0
3573 0.955882 0.562281 0
3932 0.955882 0.562281 0
3933 0.955882 0.562281 0
3953 0.955882 0.562281 0
4333 0.955882 0.562281 0
6913 1 0.999996 0.99999
6933 1 0.999996 0.99999
7312 1 0.999996 0.99999
7313 1 0.999996 0.99999
7331 1 0.999996 0.99999
7332 1 0.999996 0.99999
7333 1 0.999996 0.99999
7334 1 0.999996 0.99999
7351 1 0.999996 0.99999
7352 1 0.999996 0.99999
7353 1 0.999996 0.99999
7354 1 0.999996 0.99999
7355 1 0.999996 0.99999
7372 1 0.999996 0.99999
7373 1 0.999996 0.99999
7733 1 0.999996 0.99999
7753 1 0.999996 0.99999
7754 1 0.999996 0.99999
